0 1 1 1 1 1 1 1 1 1 1 1 1 2 3 1 1 1 1 1 1 1 1 1 1 1 1 4
5 6 6 6 6 6 6 6 6 6 6 6 6 7 7 6 6 6 6 6 6 6 6 6 6 6 6 25
5 6 9 10 10 11 6 9 10 10 10 11 6 7 7 6 9 10 10 10 11 6 9 10 10 11 6 25
5 6 7 6 6 7 6 7 6 6 6 7 6 7 7 6 7 6 6 6 7 6 7 6 6 7 6 25
5 6 8 10 10 12 6 8 10 10 10 12 6 8 12 6 8 10 10 10 12 6 8 10 10 12 6 25
5 6 6 6 6 6 6 6 6 6 6 6 6 6 6 6 6 6 6 6 6 6 6 6 6 6 6 25
5 6 9 10 10 11 6 9 11 6 9 10 10 10 10 10 10 11 6 9 11 6 9 10 10 11 6 25
5 6 8 10 10 11 6 7 7 6 8 10 10 11 9 10 10 12 6 7 7 6 8 10 10 12 6 25
5 6 6 6 6 6 6 7 7 6 6 6 6 7 7 6 6 6 6 7 7 6 6 6 6 6 6 25
13 21 21 21 21 4 6 7 8 10 10 11 6 7 7 6 8 10 10 12 7 6 0 21 21 21 21 14
6 6 6 6 6 5 6 7 8 10 10 12 6 8 12 6 9 10 10 11 7 6 25
6 6 6 6 6 5 6 7 7 6 6 6 6 6 6 6 6 6 6 7 7 6 24 6 6 6 6 6
6 6 6 6 6 5 6 7 7 15 16 16 17 17 16 18 6 7 7 6 24 6 6 6 6 6
1 1 1 1 1 14 6 8 12 6 19 6 6 6 6 6 6 20 6 8 12 6 13 1 1 1 1 1
6 6 6 6 6 6 6 6 6 6 19 6 6 6 6 6 6 20 6 6 6 6 6 6 6 6 6 6
21 21 21 21 21 4 6 9 11 6 19 6 6 6 6 6 6 20 6 8 11 6 0 21 21 21 21 21
6 6 6 6 6 5 6 7 7 6 22 23 23 23 23 23 23 24 6 7 7 6 25 6 6 6 6 6
6 6 6 6 6 5 6 7 7 6 6 6 6 6 6 6 6 6 6 7 7 6 25 6 6 6 6 6
6 6 6 6 6 5 6 7 7 6 9 10 10 10 10 10 10 11 6 7 7 6 25 6 6 6 6 6
0 1 1 1 1 14 6 8 12 6 8 10 10 11 9 10 10 12 6 8 12 6  13 1 1 1 1 4
5 6 6 6 6 6 6 6 6 6 6 6 6 7 7 6 6 6 6 6 6 6 6 6 6 6 6 25
5 6 9 10 10 11 6 9 10 10 10 11 6 7 7 6 9 10 10 10 11 6 9 10 10 11 6 25
5 6 8 10 11 7 6 8 10 10 10 12 6 8 12 6 8 10 10 10 12 6 7 9 10 12 6 25
5 6 6 6 7 7 6 6 6 6 6 6 6 6 6 6 6 6 6 6 6 6 7 7 6 6 6 25
28 10 11 6 7 7 6 9 11 6 9 10 10 10 10 10 10 11 6 9 11 6 7 7 6 9 10 29
26 10 12 6 8 12 6 7 7 6 8 10 10 11 9 10 10 12 6 7 7 6 8 12 6 8 10 27
5 6 6 6 6 6 6 7 7 6 6 6 6 7 7 6 6 6 6 7 7 6 6 6 6 6 6 25
5 6 9 10 10 10 10 12 8 10 10 11 6 7 7 6 9 10 10 12 8 10 10 10 10 11 6 25
5 6 8 10 10 10 10 10 10 10 10 12 6 8 12 6 8 10 10 10 10 10 10 10 10 12 6 25
5 6 6 6 6 6 6 6 6 6 6 6 6 6 6 6 6 6 6 6 6 6 6 6 6 6 6 5
13 21 21 21 21 21 21 21 21 21 21 21 21 21 21 21 21 21 21 21 21 21 21 21 21 21 21 14